0.249071
0.0126452
-0.0948702
-0.175315
0.103966
-0.0278286
0.138662
-0.327357
0.424366
-0.0997299
-0.0505958
0.0816108
0.0430761
0.0723155
0.076
-0.182162
-0.099635
-0.129577
-0.321368
-0.177672
-0.0811814
0.0404935
0.261551
0.309955
-0.136349
-0.172286
0.327905
0.0607897
0.103894
0.096
0.0816919
0.00368039
-0.0781734
0.12207
-0.112022
-0.0779459
0.0144581
-0.286468
0.201476
0.238945
-0.118747
-0.146595
-0.194322
-0.0313451
0.074
0.0961568
-0.102602
-0.040931
-0.349944
0.583765
0.135506
-0.254629
0.0372998
-0.149268
0.0104251
-0.316319
-0.311659
0.251608
0.121784
0.072
0.00188115
0.0862185
0.00915506
-0.304083
-0.1637
0.49064
0.344222
0.508795
0.182486
-0.0358565
0.711145
0.565098
0.101435
0.0970319
0.01
0.0418858
0.0124835
0.0487819
-0.16391
-0.224721
0.116004
-0.450541
-0.337803
0.43777
0.152573
0.0972473
0.0254896
0.0855386
0.015088
0.074
0.014334
0.0741023
0.00603128
0.00329861
-0.0619226
-0.295805
0.295985
-0.29341
-0.145306
0.0175251
0.025761
0.0863163
0.0102306
0.0594497
0.026
-0.0525878
-0.12746
0.286008
0.319236
-0.0697828
0.278873
0.0957227
0.0685149
-0.0261651
0.0234478
0.0438111
0.0820419
0.0625878
-0.00195447
0
0.29125
0.0594911
0.116596
-0.026946
-0.369248
-0.47108
-0.135837
-0.153476
0.135608
0.0998999
0.0445013
0.0662119
0.0433612
0.10981
0.036
0.0105816
-0.0350659
0.091261
0.310135
-0.00318382
0.0444056
0.0909659
0.061837
0.0571566
0.00764697
-0.119868
-0.0112525
0.0225256
0.0224235
0.028
0.158616
0.238235
8.39889e-05
-0.152864
-0.126544
0.058184
0.0586216
0.021564
0.0956354
0.0177034
0.0964472
0.0313147
-0.0531599
-0.0259639
0.078
0.0149591
0.149969
0.23271
0.235629
-0.0655022
-0.00194142
0.0683202
-0.0228619
-0.026892
0.0850855
0.0397177
0.0368541
0.0425958
0.062086
0.092
-0.0111902
-0.0784887
-0.183391
0.0840683
0.138367
0.0524008
0.0562038
0.117449
0.0790483
0.094774
0.0749962
0.0299214
-0.192295
-0.0720687
0.016
0.0547955
0.0214014
0.0732823
0.0111411
0.0217285
0.00391421
0.0679729
0.0439914
0.00999729
0.0559991
0.0919997
0.0239999
0.072
0.05
0.066
0.038
0.084
0.088
0.032
0.062
0.096
0.044
0.002
0.042
0.098
0.014
0.052
0.084
0.078
0.05
-0.122798
-0.0272113
0.0229271
0.006
0.0389869
0.0515974
0.0867149
0.002
0.0211896
-0.00872475
0.0249984
0.004
0.07
0.064
0.07
0.076
-0.0495427
0.0101932
0.0766582
0.064
0.085888
0.108821
0.031903
0.042
0.0762314
0.0600639
0.0314473
0.036
0.084
0.05
0.01
0.068
