0.0607916
0.00878113
-0.000159971
0.0234322
0.0213981
0.0103257
0.0106131
0.00928445
0.00298857
0.0111713
0.0047769
0.002479
0.00825113
0.00510217
0.00629465
-0.017068
0.00888416
0.00842929
-0.000126032
0.00459054
0.00721363
0.00315982
0.00358576
0.0100442
0.00476076
0.00439247
-0.00996348
0.000624279
0.00323879
-0.00400258
0.0113087
0.00999441
0.00981179
0.0185815
0.00504089
0.00106494
0.012131
0.00983578
0.011481
0.00373521
0.0051485
0.0132168
0.00657052
0.00571738
0.00885414
0.00756116
0.00688519
0.0460815
0.00956221
0.010687
0.0152673
0.0130445
0.00810899
0.0107128
0.0312468
-0.0104046
-0.00741723
-0.003098
0.0229742
0.0108154
0.0127808
0.012117
0.00960885
0.00117485
-0.00689246
0.00331559
0.011187
-0.000542554
0.00978736
0.00684783
0.00185627
-0.00311063
-0.000523819
-0.00775403
0.011939
-0.00531994
0.00451099
-0.00174777
0.0033299
0.0135763
0.00272875
0.00170106
0.0114197
0.00709583
-0.00289221
0.0157754
0.00332276
0.00773632
0.00503209
0.0136036
0.0137521
-0.000227524
0.0170912
-0.0097142
0.00369851
0.0278373
0.00348064
0.0487533
0.00336625
0.0635581
-0.00155216
0.00214251
0.0231985
0.000122697
0.0069802
0.000947907
-0.000227614
0.00663671
0.00436895
0.00816627
0.00633851
-0.00114339
0.00757072
0.0128866
0.0120466
0.0110204
-0.0102843
0.00953276
0.000584816
-0.00598468
0.00396096
0.00425172
0.0106875
0.00863159
0.00902308
0.00654774
0.0116743
-0.00304989
-0.00629848
-0.0029636
0.00674138
0.00936146
-0.00511729
0.00711535
0.0126886
0.0117137
-0.00506389
-0.00365685
0.00907699
0.00550479
0.0056094
-0.0027007
0.0121144
0.0118023
0.0136633
-0.00681289
0.0124464
-0.0129618
-0.0105183
0.00597077
-0.0204043
0.0100536
0.00937802
-0.00651119
0.00204398
0.00491756
0.0165763
0.0104299
-0.0014984
0.00026499
0.014943
0.0136329
0.01138
0.0127639
0.00839967
0.0151781
-0.00374333
0.00915057
0.0100404
-0.00320498
0.0670769
0.0133259
0.0032596
0.00846313
-0.000554078
0.00112308
0.0145711
0.00656943
-0.00669721
0.000154887
-0.00436939
-0.00429959
0.00350596
-0.00578788
0.00692293
-0.0104864
0.00458811
0.0136776
0.00765214
0.00929582
0.00314463
0.0115588
-0.00261164
0.000727447
0.00135612
7.23832e-05
0.00621942
-0.0011501
0.00670759
0.0120779
-0.00331677
0.00508956
0.0126359
0.0127584
-0.00709723
-0.00561542
0.00646609
-0.00452537
0.00645331
0.000630455
0.00795826
-0.00540152
-0.00560427
-0.0254839
0.000207377
0.00742673
-0.00331484
0.00816119
-0.00567471
0.0669906
0.00736169
0.00428479
