-0.00661691
0.0207254
0.00348751
0.00705683
-0.0170959
-0.0100541
-0.0318431
-0.0333375
-0.0271916
-0.0329839
-0.0126286
-0.00451486
-0.0204428
-0.0172844
-0.0118582
-0.000102095
-0.0474324
-0.026877
0.00795598
-0.00908326
-0.0318249
0.00918698
0.00584032
-0.0473321
-0.0234183
-0.0113276
-0.00199598
-0.00381104
-0.046176
-0.00983827
-0.115119
-0.0555965
-0.0577622
-0.0746818
-0.0140672
0.00547791
0.00319668
-0.0217093
-0.0304014
-0.0203228
-0.0341627
-0.0481793
-0.0185583
-0.0106572
-0.0018248
-0.0122357
-0.00623701
-0.0630781
0.000711532
0.00501671
-0.0356714
0.0043659
0.0044181
0.0145497
-0.0174636
0.00942984
0.01284
0.00757864
-0.0574958
-0.00840877
-0.00372247
-0.0240527
-0.0217422
-0.00126383
0.00893013
-0.0120258
-0.00633578
0.0140823
-0.00381194
-2.81184e-05
-0.000817596
0.045306
0.0525138
0.00919834
-0.0144543
0.0175481
0.00608749
0.00629309
0.00488706
-0.0160498
-0.0276633
-0.0147373
-0.0182954
0.00171168
-0.0086022
-0.0453201
-0.0161282
-0.0133443
-0.00357117
-0.0180268
-0.0253402
-0.00847704
-0.0367883
-0.00829372
-0.00985508
-0.119879
0.0187116
0.0157014
-0.0033645
0.00273647
-0.000625653
0.00693015
0.0190998
0.012972
0.0107203
-0.0204545
-0.0179555
0.0114493
0.00489931
-0.0294004
-0.0228345
-0.0175661
0.010014
-0.0305354
-0.016993
-0.00163306
0.0163485
-0.0154191
-0.0207314
0.00233966
0.00426734
0.00463858
-0.00230033
-0.0178642
-0.00986532
-0.00106875
0.000928587
0.0250082
0.0193113
0.0143946
0.0022777
-0.0272875
0.0277877
0.00276288
-0.0375226
-0.0269367
-0.0153251
0.0029794
-0.00408419
0.00161693
-0.00602781
0.0154215
-0.0214186
-0.0192272
-0.0149326
0.00740511
0.00626878
-0.0025016
0.0135579
0.00158508
0.0465299
-0.021247
-0.00269272
0.00667075
0.00324904
-0.00653312
-0.0354533
-0.0424176
-0.00210378
0.00218812
-0.033748
-0.0370744
-0.0605015
-0.0557822
-0.0280472
-0.0462079
-0.00498453
0.00385684
0.0436577
0.00955716
0.0360112
-0.00307404
-0.00978645
0.0128839
-0.00711241
0.0142129
-0.0146359
-0.0123637
-0.0276137
0.002918
0.0266311
0.018405
-0.00998892
-0.0339727
-0.0316004
-0.044559
-0.00372326
-0.0169199
-0.00185307
-0.0110157
-0.0295603
-0.030618
-0.0359701
-0.0223556
-0.0189793
-0.045832
-0.0257142
0.00926322
-0.0129621
-0.0335982
0.0184912
-0.00266688
-0.00449061
-0.0064658
0.0259904
0.0062413
-0.0208328
0.0134291
0.00516004
0.00931336
-0.00825494
0.0178225
0.030545
-0.00525414
-0.0174441
-0.00143469
0.00701738
0.0513587
0.0174955
0.0590175
0.182103
0.0408317
0.0100832
0.0715793
0.0477822
-0.00575489
-0.0256374
-0.0184893
-0.00769696
-0.0361025
-0.0139519
-0.0203423
-0.0347949
-0.0197498
-0.0367962
-0.00327467
-0.0218022
-0.037549
-0.0212999
-0.0198855
-0.0397665
-0.0370904
-0.0329297
-0.0256386
-0.0320723
-0.0409588
-0.00108394
-0.00722071
-0.0264493
-0.00203928
0.0359709
0.00283477
-0.00924836
-0.0412541
-0.0371599
-0.0140581
-0.0378647
-0.0206632
-0.0317113
-0.0107285
-0.0177644
-0.0348768
-0.0118495
-0.00941148
-0.0265233
-0.0203338
-0.0243227
-0.026827
-0.0257886
-0.0358558
-0.019169
-0.0317942
-0.0282466
-0.0373891
-0.0307161
-0.00378875
-0.00901444
0.000752129
-0.019081
-0.0282165
-0.0364103
-0.0350597
-0.0286319
-0.0139228
0.0036418
-0.0147605
-0.0343009
-0.0108184
-0.0291674
-0.0169513
-0.00616746
-0.0418818
-0.044818
-0.0168399
-0.0388393
-0.00771171
-0.0177919
-0.012143
-0.0226666
-0.041216
-0.0114449
-0.0104364
-0.0348415
-0.0424423
-0.00908648
-0.0418033
-0.00839206
-0.0173724
-0.0185508
-0.0277388
-0.0396718
-0.0124164
-0.0451527
-0.00440853
-0.00673337
-0.0592137
-0.033576
0.00690236
0.00233311
0.000581141
-0.00370302
-0.0210476
-0.0190339
-0.00355547
-0.00906601
-0.003092
0.000221169
-0.0304717
-0.0021825
-0.0142804
-0.0162588
-0.00271642
-0.0258349
-0.032285
-0.0341355
-0.0350859
-0.0116449
-0.028587
-0.00941964
-0.00352072
-0.0182081
-0.0208364
-0.0361191
-0.0306458
-0.0205365
-0.0161891
-0.0367663
-0.0227329
0.00335031
0.00169998
-0.0175693
-0.022345
-0.00495815
-0.0237434
-0.0376569
-0.0321853
-0.00738646
0.00290125
-0.0266203
-0.0164011
-0.0136167
-0.0102713
-0.0332942
-0.0267472
-0.0383292
-0.00613183
-0.03519
-0.0111498
-0.0108575
-0.0199863
-0.00764069
-0.0199594
-0.0286777
-8.7768e-05
-0.0145485
-0.0163482
-0.0412032
-0.0269215
-0.00280151
-0.00715687
-0.0416062
-0.0504506
-0.0678296
-0.0464846
-0.0201584
-0.0456381
-0.000326066
-0.0486682
-0.046043
-0.0268052
0.00812175
-0.0152801
-0.0064004
-0.00196428
-0.00969012
-0.0115035
-0.0202254
-0.0131609
-0.00106156
-0.0048388
-0.000487209
0.00331144
-0.0143614
-0.00981582
-0.0284714
-0.00969572
-0.0184057
-0.0465352
-0.0221095
-0.0525034
-0.0439565
-0.0384699
-0.0196897
-0.0100252
-0.00958439
0.00218146
-0.0200372
-0.015331
-0.0308627
-0.0435085
-0.0125779
-0.0126609
-0.0457976
-0.0374276
-0.00586883
-0.00744978
-0.0263832
0.00356603
-0.0405464
-0.0166731
-0.033368
-0.0134276
-0.0485419
-0.0267045
-0.0192456
-0.0418563
-0.0173102
-0.0450721
0.000619541
0.0360755
0.14041
0.0379538
0.016881
-0.00390995
0.00748207
-0.0323102
-0.0256237
-0.0203259
-0.0061769
-0.033307
-0.0213319
-0.0228686
-0.0417268
-0.0252042
-0.0377649
-0.00596724
-0.0190216
-0.0340695
-0.0266877
-0.0232572
-0.0412348
-0.04222
-0.0354522
-0.0381541
-0.0318459
-0.0406874
-0.00254014
-0.0105145
-0.0253241
-0.0064451
-0.10197
-0.0534679
-0.0331184
-0.0401002
-0.0394515
-0.0171445
-0.0410708
-0.0230517
-0.0349242
-0.0153626
-0.016226
-0.0417548
-0.0214891
-0.0170728
-0.0297922
-0.0230449
-0.0223885
0.0129812
-0.0143036
-0.0367366
-0.0039749
-0.0345231
-0.0273252
-0.0406128
-0.0165995
-0.00685501
-0.0128334
0.00451523
-0.0241878
-0.0304692
-0.0433592
-0.0382913
-0.0327688
-0.0129967
2.8312e-05
-0.0107531
-0.0329613
-0.0108564
-0.0291471
-0.0247691
-0.00806073
-0.0367796
-0.0399107
-0.0143997
-0.0388177
-0.0059783
-0.0154241
-0.0088202
-0.0235358
-0.0373855
-0.013088
-0.00244719
-0.0364975
-0.0375385
-0.00607237
-0.0370496
-0.010309
-0.0217311
-0.0163254
-0.0283385
-0.0372444
-0.0166294
-0.0433465
-0.00954133
-0.0170082
-0.0299263
-0.0158075
0.0214832
0.00349325
0.00455883
0.00191852
-0.0221645
-0.012673
-0.00369622
-0.00907857
-0.00271894
-0.0023007
-0.0239615
-0.00479646
-0.014835
-0.0225253
-0.00541953
-0.0278557
-0.0426576
-0.0438037
-0.037855
-0.00398509
-0.0291956
-0.0129918
0.00134348
-0.0166852
-0.0133509
-0.0362792
-0.0323037
-0.0276835
-0.0249529
-0.0355461
-0.0237906
6.27253e-05
-0.00773549
-0.0255931
-0.0356806
-0.00755613
-0.0300576
-0.0403368
-0.0381893
-0.00743649
-0.00253344
-0.0304094
-0.0230339
-0.012236
-0.0146512
-0.0333178
-0.0317754
-0.0332471
-0.00967546
-0.0409125
-0.0148351
-0.0113158
-0.0265103
-0.0202128
-0.0324167
-0.0353495
0.00168418
-0.0156922
-0.0141346
-0.0361363
-0.0265962
-0.00906789
-0.0135486
-0.0376361
-0.0406899
-0.0477473
-0.0289904
-0.0214674
-0.039396
-0.0103091
-0.0374099
-0.0538705
-0.0236136
0.0167738
-0.0256131
-0.00287603
-4.39015e-05
-0.0120722
-0.00200017
-0.0205355
-0.0207074
-0.00735858
-0.0112618
-0.00718887
0.000252225
-0.0171466
-0.00997542
-0.0235193
-0.00602823
-0.0156935
-0.0481897
-0.0231743
-0.0443709
-0.0459526
-0.0451932
-0.025891
-0.0103355
-0.00794608
-0.00060837
-0.0218851
-0.0206411
-0.0317137
-0.0453005
-0.0130093
-0.0181582
-0.0392448
-0.0398182
-0.00478183
0.00188074
-0.0298748
0.00139217
-0.0405108
-0.0183244
-0.0394406
-0.01603
-0.0453234
-0.0231773
-0.0188007
-0.0435906
-0.00588034
-0.0409228
0.00280386
0.0359159
-0.172604
-0.0375437
-0.00330042
-0.0420949
-0.0630294
-0.0351715
-0.0481006
-0.0451119
-0.0148707
-0.053981
-0.0221742
-0.0138524
-0.0448489
-0.0239918
-0.0294574
-0.0031048
-0.0385724
-0.0435964
-0.0214492
-0.0206753
-0.0368186
-0.0329637
-0.0326203
-0.0396514
-0.039911
-0.0375653
0.000763906
-0.0127861
-0.0259229
-0.00115241
0.00434358
-0.022439
-0.0271193
-0.0535848
-0.0465628
-0.0141807
-0.0434577
-0.0343421
-0.0398134
-0.0129879
-0.0210825
-0.042041
-0.024335
-0.0152871
-0.0313853
-0.0206153
-0.0270324
-0.0268404
-0.0206485
-0.0411981
-0.0120415
-0.0415931
-0.0287376
-0.0438067
-0.0337046
-0.0125205
-0.007024
-0.00305519
-0.0263661
-0.0321155
-0.0396493
-0.0385415
-0.0348145
-0.0149838
0.00125357
-0.015325
-0.0404855
-0.0158402
-0.0350066
-0.0174568
-0.00974625
-0.0344679
-0.0390674
-0.01937
-0.0380103
-0.00201109
-0.0202325
-0.00820577
-0.0145277
-0.0338699
-0.0124912
-0.00517622
-0.0329648
-0.0418221
-0.0120487
-0.0325115
-0.017467
-0.0212749
-0.0155814
-0.0328558
-0.0344886
-0.0145004
-0.0440369
-0.000845573
-0.0122279
-0.0305085
-0.017741
0.0184614
0.00198018
0.00255108
0.00486998
-0.0168906
-0.0121863
-0.000161706
-0.0038942
0.000353488
-0.00288491
-0.0268155
-0.00868015
-0.0111958
-0.0153665
-0.0046003
-0.0297683
-0.0401046
-0.0383155
-0.042014
-0.0132945
-0.0282959
-0.0153633
0.00486679
-0.0207078
-0.0151406
-0.0309134
-0.0281065
-0.0281906
-0.0162749
-0.0381787
-0.0259851
0.00249505
-0.000833634
-0.0217498
-0.0318444
-0.00276029
-0.0336277
-0.0317904
-0.0369421
-0.00297231
-0.00172357
-0.0302176
-0.0172949
-0.0187293
-0.00999471
-0.03672
-0.0353246
-0.0350255
-0.00987762
-0.042976
-0.00799519
-0.0139203
-0.0227938
-0.0107835
-0.0255269
-0.0361996
0.0026731
-0.0158596
-0.0220985
-0.0369258
-0.0249883
-0.00342269
-0.00934917
-0.0328634
-0.0354393
-0.0535111
-0.0355334
-0.0196496
-0.0385535
-0.00944501
-0.0416565
-0.0459519
-0.0283485
0.0148708
-0.0193356
-0.00640349
-0.00283736
-0.0107812
-0.00771332
-0.0228977
-0.0197878
-0.00913676
-0.00971522
-0.00445884
-0.00397464
-0.0199901
-0.0065771
-0.0264949
-0.0086358
-0.0174711
-0.03906
-0.0270876
-0.0470027
-0.0465797
-0.0413701
-0.0201591
-0.0145952
-0.0149075
0.00179019
-0.0231895
-0.0227891
-0.0308164
-0.0413655
-0.00937553
-0.0186495
-0.0416574
-0.039996
-0.00111898
-0.00201381
-0.022509
-0.00236576
-0.0382523
-0.0189059
-0.0382198
-0.010855
-0.0416677
-0.0192021
-0.0234225
-0.0360248
-0.0152325
-0.0443832
-0.00617465
0.0317607
-0.0631059
-0.00927023
0.00496415
-0.0145986
-0.0278915
-0.00950021
-0.0353072
-0.0338901
-0.0237153
-0.035377
-0.0113287
-0.000900709
-0.0121636
-0.018627
-0.0120323
0.00584973
-0.048324
-0.026225
0.00136327
-0.0140145
-0.028196
0.00255242
0.00249637
-0.0540252
-0.0322161
-0.0194519
-0.00369714
0.0022134
-0.0444561
-0.0133757
-0.0593255
-0.0162869
-0.0453112
-0.125992
-0.0337752
-0.00466928
-0.00753606
-0.041352
-0.0386705
-0.0237771
-0.0504033
-0.0707164
-0.0366548
-0.0173369
-0.00543836
-0.00976225
-0.00764082
-0.151574
-0.0757298
-0.0301577
-0.0628867
-0.0275192
-0.00887358
0.0189057
0.00763894
0.0179554
0.0208812
0.00607154
-0.0363465
-0.00462414
0.00335892
-0.0468688
-0.0354093
-0.00897978
0.00515367
-0.0246557
-0.0105048
0.00832466
0.00485553
-0.0103588
0.00231755
0.0487751
0.0659081
0.00325286
-0.0129629
0.0246325
0.0100949
0.0301188
0.0188624
-0.00926858
-0.0171628
-0.0122117
-0.0143604
0.0314154
-0.0100741
-0.10231
-0.0307554
-0.00918772
-0.00705583
-0.0450064
-0.0650815
-0.0213221
-0.101964
-0.0494128
-0.0444993
-0.108495
-0.021272
-0.000326725
-0.0367179
-0.0228754
0.00410588
0.0166476
0.0329653
0.0189343
-0.00276486
-0.0299708
-0.0235659
0.0156069
0.012598
-0.0240031
-0.0343964
-0.0315505
0.00803125
-0.0534354
-0.0293344
0.0109123
0.00530205
-0.0341989
-0.0427528
-0.013856
0.00606429
0.00491342
-0.0094516
-0.039575
-0.00838306
-0.0124418
-0.00233464
0.0280215
0.0163817
0.00647627
-0.00480802
-0.0452598
0.0223855
0.00879402
-0.0875679
-0.0730505
-0.0372001
-0.00448398
-0.0124597
-0.00490739
-0.0233559
0.00967095
-0.0696306
-0.0427247
-0.0340639
-0.0138797
0.00267738
-0.00103965
0.0332477
0.000107237
0.0126189
-0.0141819
0.0108869
0.00790715
-0.00590098
0.000361689
-0.0626495
-0.0808995
-0.010068
0.0170478
-0.0545285
-0.0365738
0.0424032
-0.038089
-0.0429907
-0.0503254
-0.00362085
0.0148744
-0.0132665
-0.0355705
0.0436043
0.00901934
0.00793519
0.0218702
-0.0158066
0.0252889
-0.011207
-0.0178705
-0.0286711
0.0236528
0.0318629
0.0168178
-0.0249815
-0.0236364
-0.0453871
-0.0371983
0.0123111
-0.0193357
-0.0131952
0.0417691
-0.0569513
-0.0800195
-0.06748
-0.0526077
-0.0466583
-0.0166247
-0.0183964
0.0265384
-0.0336011
-0.0861674
0.0117088
-0.0114694
-0.0149143
-0.0215697
0.0145757
-0.021703
-0.0571033
-0.00246707
0.0191666
0.0180582
-0.00851456
0.0234848
0.0488743
0.00954516
-0.008421
0.000409238
0.0200303
0.000963508
0.0363178
0.0849166
-0.167912
-0.0530446
-0.00546342
-0.0913841
-0.0528571
-0.0521266
-0.0297783
-0.0213105
-0.00476017
-0.0258149
-0.0161965
-0.0172136
-0.037801
-0.0263874
-0.0414202
-0.00327321
-0.0290375
-0.0409198
-0.0272554
-0.0204707
-0.0362417
-0.0369652
-0.0369554
-0.0287949
-0.0420397
-0.0396437
-0.000867608
-0.00333897
-0.0308705
8.1532e-06
0.0406119
-0.00708867
-0.0181961
-0.0389873
-0.0349254
-0.0104231
-0.0479045
-0.024368
-0.0345718
-0.00430971
-0.00990358
-0.0352894
-0.0248362
-0.0155137
-0.0381525
-0.0255219
-0.0233183
-0.0193895
-0.0271572
-0.0390355
-0.0179455
-0.0333335
-0.0255224
-0.0439271
-0.029826
-0.00363169
-0.00584887
0.00259802
-0.0220206
-0.0288591
-0.03607
-0.0388407
-0.0270271
-0.0126239
0.0022066
-0.00681708
-0.0310797
-0.0079857
-0.0290467
-0.0249088
-0.000697458
-0.0321922
-0.0370462
-0.0182745
-0.0306365
-0.00253803
-0.0259015
-0.0109339
-0.0245604
-0.0361184
-0.0183575
-0.00330926
-0.0374122
-0.031502
-0.00905115
-0.0406082
-0.0175255
-0.0226567
-0.0100492
-0.0309076
-0.030783
-0.00953018
-0.0346942
-0.00961963
-0.0143652
-0.034288
-0.022722
0.0195431
0.000713734
0.00725583
0.00835555
-0.0167628
-0.0220757
-0.00984359
-0.00358913
-0.00273127
0.00263766
-0.0220795
-0.00754183
-0.00640585
-0.0163025
-0.00424794
-0.0306803
-0.0448932
-0.0368626
-0.0373847
-0.00445283
-0.0340184
-0.0161708
0.000872207
-0.0200977
-0.0218219
-0.0313387
-0.0228921
-0.0319189
-0.0167182
-0.0336657
-0.0184541
0.00046158
0.000914644
-0.0237314
-0.0352213
-0.0107518
-0.0261839
-0.0319966
-0.0310242
-2.21959e-05
0.00266265
-0.0220701
-0.0131618
-0.0140147
-0.00578224
-0.0392305
-0.029228
-0.0347381
-0.0133073
-0.0468523
-0.00695898
-0.0135228
-0.0208493
-0.0121268
-0.0300554
-0.0370067
-0.00260708
-0.0111324
-0.0187058
-0.0372121
-0.0262813
-0.00915728
-0.0102359
-0.0387757
-0.036103
-0.0459609
-0.0305416
-0.0270255
-0.0353118
-0.000857883
-0.035291
-0.0515407
-0.0230005
0.0144706
-0.0212824
-0.00756027
-0.00572096
-0.00757389
-0.00325699
-0.0279538
-0.0160037
-0.00536339
-0.00586013
0.00267626
0.0024807
-0.0097372
-0.00327579
-0.0230508
-0.0114501
-0.0194617
-0.0407796
-0.0221166
-0.039617
-0.0493934
-0.0507357
-0.0203776
-0.0134043
-0.00724775
0.00658336
-0.013059
-0.0212166
-0.0277144
-0.0449576
-0.0099324
-0.0179196
-0.0399633
-0.0486613
-0.00732477
0.00314679
-0.0232007
-0.00588121
-0.0396401
-0.0266983
-0.0364843
-0.0186037
-0.0402847
-0.0247916
-0.0189957
-0.0425088
-0.0131434
-0.0425714
-0.0019238
0.0282874
-0.142795
-0.0195617
-0.00342478
-0.023842
-0.05081
-0.0216634
-0.0462709
-0.0409801
-0.021552
-0.0559362
-0.0227348
-0.0147147
-0.0313857
-0.0253293
-0.0329108
-0.00297475
-0.0516156
-0.0390981
-0.0192297
-0.0169814
-0.0480365
-0.0299581
-0.0287887
-0.0420795
-0.0341791
-0.0390078
-0.00392098
-0.00765733
-0.0376694
-0.0102767
-0.0678936
-0.0340831
-0.0323713
-0.0706644
-0.0419216
-0.0157265
-0.0441959
-0.03607
-0.0371088
-0.0116156
-0.0144092
-0.0398701
-0.0244413
-0.0176659
-0.0313979
-0.027068
-0.0250022
-0.0121074
-0.0260672
-0.0347523
-0.0026239
-0.0354956
-0.028002
-0.0424334
-0.0228271
-0.00471825
-0.0108279
0.00298009
-0.0218111
-0.0310975
-0.0403338
-0.031594
-0.0280673
-0.00398492
-0.00558514
-0.0123468
-0.0328713
-0.00750761
-0.0320552
-0.0172791
-0.0096852
-0.029384
-0.0334098
-0.0155486
-0.0284479
-0.00342408
-0.0261451
-0.0102646
-0.021611
-0.0345998
-0.016222
-0.00387362
-0.0345584
-0.0358664
-0.00683506
-0.0423711
-0.00964959
-0.0192316
-0.016432
-0.0288052
-0.0332034
-0.005717
-0.0327894
-0.00988512
-0.00723916
-0.0368851
-0.0167872
0.0143792
0.00906133
0.00812658
0.00624707
-0.0217749
-0.0220001
-0.00722461
-0.00533151
0.00101213
-0.00607557
-0.0302592
0.000141713
-0.0145016
-0.0155631
0.00270155
-0.0226254
-0.0354198
-0.0333779
-0.0397813
-0.0128976
-0.0313573
-0.0173139
-0.004176
-0.0106447
-0.0221301
-0.0330216
-0.0304723
-0.0258544
-0.01561
-0.0375858
-0.0174822
-0.0054502
-0.000991938
-0.0263589
-0.0272523
-0.0104223
-0.0295073
-0.0347354
-0.0321118
0.00197909
0.00643278
-0.0292788
-0.0216982
-0.0211433
-0.00761581
-0.03947
-0.0296432
-0.0371307
-0.0151726
-0.0483464
-0.0100745
-0.0156432
-0.0270244
-0.0102554
-0.0260885
-0.0320289
-0.0031151
-0.0118272
-0.0128983
-0.0326709
-0.0251321
-0.00403368
-0.00274108
-0.0386139
-0.0445633
-0.0473266
-0.0331847
-0.0208869
-0.0344755
-0.0117898
-0.0363181
-0.0437594
-0.0262515
0.00956833
-0.018616
-0.004171
-0.00161651
-0.0128873
-0.00701477
-0.0259454
-0.0123215
-0.00239555
-0.0062358
-0.000393835
-0.00563473
-0.0195787
-0.00289209
-0.0246348
-0.0110533
-0.0173174
-0.0418719
-0.0265315
-0.0452243
-0.0501257
-0.0426209
-0.0184233
-0.0117055
-0.00920531
0.0016247
-0.0124291
-0.0194164
-0.0246979
-0.0463652
-0.0134549
-0.0101218
-0.0405525
-0.0428906
-0.00821487
0.000254605
-0.0300331
-0.00155697
-0.0424929
-0.0273917
-0.0373441
-0.0213229
-0.0455222
-0.0160926
-0.0207533
-0.0348498
-0.0100747
-0.0407304
-0.00344967
0.0381548
-0.145294
-0.0378195
-0.00404866
-0.0307928
-0.0460792
-0.0328174
-0.0450954
-0.0411115
-0.0151756
-0.0465215
-0.0234644
-0.0118271
-0.036
-0.02808
-0.0323105
-0.011997
-0.0432366
-0.0402069
-0.0223574
-0.0214856
-0.0369139
-0.0322927
-0.0282376
-0.0451681
-0.0315037
-0.0404301
-0.00962145
-0.0124455
-0.0314079
-0.00467354
0.000641879
-0.0191313
-0.0271573
-0.0530942
-0.045884
-0.0216728
-0.0450047
-0.033897
-0.0319871
-0.0139119
-0.021101
-0.0375657
-0.0166306
-0.0187463
-0.0340483
-0.0213047
-0.022748
-0.0246806
-0.0240706
-0.0337651
-0.00535991
-0.0427799
-0.0253548
-0.0376493
-0.0241816
-0.00612613
-0.00947248
-0.00180065
-0.0274344
-0.0270778
-0.0419684
-0.0349764
-0.028673
-0.0133323
-0.00512197
-0.0153168
-0.0355269
-0.00908865
-0.032351
-0.0208348
-0.00361569
-0.0304937
-0.0345034
-0.020444
-0.0335355
-0.000828107
-0.0165728
-0.0157314
-0.0165083
-0.0423985
-0.0138303
-0.00219538
-0.027624
-0.0323716
-0.0164841
-0.0347611
-0.0135497
-0.0224195
-0.00895095
-0.0275698
-0.0306985
-0.0105832
-0.0351821
-0.00275729
-0.0176085
-0.0314503
-0.0228315
0.0241726
0.0105552
0.00427987
0.00745607
-0.0196993
-0.0144128
0.000666276
-0.0045978
0.000347743
0.000878038
-0.033501
-0.0106755
-0.0157821
-0.0182975
-0.000833282
-0.0286901
-0.0372595
-0.0384074
-0.0306937
-0.00881442
-0.0283875
-0.0167634
-0.00148238
-0.0155169
-0.0158305
-0.0351196
-0.0309061
-0.0262852
-0.0257867
-0.0401504
-0.0171363
-0.00584924
-0.00799655
-0.0264345
-0.0246399
-0.00333119
-0.0273666
-0.0357637
-0.0400889
-0.00155851
-0.00113006
-0.0260714
-0.020572
-0.0163612
-0.0156176
-0.0289608
-0.0328398
-0.0371273
-0.0154953
-0.0424606
-0.0135023
-0.0138679
-0.0206487
-0.0170141
-0.023378
-0.0328723
-0.00789398
-0.0148995
-0.0211468
-0.041526
-0.0300533
-0.00704435
-0.00862434
-0.0297189
-0.0397073
-0.0492374
-0.0376393
-0.0257892
-0.0374243
-0.00356752
-0.0429626
-0.0450796
-0.0255426
0.0110627
-0.023374
-0.00264076
-0.00651801
-0.00819565
-0.00328044
-0.0257138
-0.0227149
-0.00995085
-0.00972657
0.00212343
-0.00244594
-0.0137407
-0.00680234
-0.0192963
-0.0119157
-0.0231091
-0.0471478
-0.030362
-0.0443633
-0.0453843
-0.0496876
-0.0174312
-0.00775517
-0.00901139
0.00143325
-0.0164685
-0.0205371
-0.0327888
-0.0389697
-0.00878204
-0.0099311
-0.0473821
-0.0446603
-0.00737216
0.00176392
-0.0217687
0.000802795
-0.0395017
-0.0199199
-0.0369947
-0.0191627
-0.0480071
-0.0205232
-0.0247791
-0.0424802
-0.00837103
-0.0454964
0.00318548
0.0333809
0.0808064
0.00307927
0.0553661
0.0658606
0.0116725
0.0166847
0.0838566
0.0508198
0.0459722
0.0294323
0.069669
0.0532902
0.0294028
0.0101672
0.0381392
0.0259813
0.0365024
0.0356888
0.0596243
0.0366267
0.0748299
0.0689581
0.0207437
0.00824978
0.0911948
0.067779
0.0503034
0.0387795
0.0790506
0.0552002
0.0278068
0.00904301
0.0297171
0.0189737
0.0398432
0.0171111
0.0561517
0.0493863
0.0345178
0.0223533
0.0711318
0.0424198
0.0613577
0.0401101
0.058446
0.0327135
0.0356826
0.0172432
0.0776137
0.0490174
0.0601991
0.024683
0.0299709
0.0284782
0.031512
0.0252368
0.0615211
0.0289117
0.0659205
0.0727812
-0.00106164
0.0424839
0.0768972
0.0650948
0.0266864
0.015665
0.0651969
0.0465163
0.0480567
0.0572233
0.0210233
0.022444
0.0505295
0.0229649
0.0582839
0.0455959
0.0495225
0.0331366
0.0526751
0.0523869
0.0232022
0.0236202
0.0318849
0.0112233
0.0758229
0.0701355
0.0512674
0.0402704
0.0642194
0.0279742
0.0725915
0.0543241
0.07547
0.0524591
0.0628225
0.0103959
0.0377129
0.0495973
0.0181174
0.0189942
0.0371462
0.0208376
0.0214598
0.0240984
0.0356982
0.0372278
0.0515639
0.057257
0.0881451
0.0458112
0.0245847
0.0572873
0.0295021
0.038399
0.077461
0.0715173
0.0552711
0.0305267
0.0435584
0.0466138
0.050394
0.0479324
0.0250928
0.0217189
0.0543348
0.0525539
0.044588
0.0465334
0.0276373
0.0437815
0.0350426
0.0334856
0.0224233
0.0171544
0.0682875
0.0583409
0.0515714
0.0461846
0.0753542
0.0706482
0.0281199
0.0274332
0.0782933
0.0354564
0.0386018
0.0588151
0.0410559
0.026393
0.0826479
0.0685355
0.0529568
0.0526734
0.0422722
0.0326708
0.0447916
0.0398255
0.0780088
0.0624438
0.0317856
0.0256383
0.0591616
0.0322974
0.0337133
0.0301374
0.0554129
0.0404957
0.0679087
0.0409583
0.0256279
0.0245666
0.0499313
0.0174668
0.0481308
0.0511822
0.019338
0.011106
0.077306
0.0645485
0.0647042
0.0270678
0.0571045
0.0162011
0.000231883
0.0150435
0.0651571
0.0204338
-0.019612
0.0409383
0.0796273
0.0721795
0.0563386
0.0156075
0.0793425
0.0568143
0.0954779
-0.00772544
0.0335108
0.0610268
0.112493
-0.0140446
0.033353
0.0652071
0.0447664
0.0567676
0.0608136
0.00960248
0.00518513
0.0212881
0.0647386
0.0523697
0.0511085
0.0489161
0.0548559
0.0573054
0.0467757
0.0506121
0.0684363
0.0616755
0.0623147
0.0450253
0.0527286
0.0565098
0.0465626
0.0404092
0.0415281
0.0433155
0.0292753
0.0258901
0.0581746
0.0567269
0.054475
0.052256
0.0194021
0.034199
0.0680602
0.0646185
0.0460213
0.0358236
0.0524289
0.0540303
0.0549428
0.0520949
0.0329253
0.0307149
0.020364
0.0153557
0.0400928
0.0373965
0.0565363
0.0535728
0.0286733
0.0255205
0.0238811
0.0159017
0.0507902
0.0312237
0.0528683
0.0502488
0.0644889
0.0615952
0.0367664
0.0295977
0.0422658
0.0318869
0.0312867
0.0490378
0.0258937
0.0173333
0.0359977
0.0171916
0.0345533
0.0216959
0.0445054
0.0562192
0.03316
0.0491213
0.0325795
0.0087947
0.0261843
0.016764
0.0367924
0.0255293
0.0467965
0.0695751
0.0710508
0.0332325
0.0752448
0.0478486
0.0810589
0.0331867
0.0233042
0.0823215
0.101896
0.0396337
-0.0399502
0.0440012
0.0165445
0.0627387
0.0461769
0.0104943
-0.0428301
0.0824433
0.0845817
0.0456454
0.0788455
0.0296207
-0.00258899
0.0442301
0.0267891
0.0161261
0.0749186
0.0439417
0.0727445
-0.00013564
0.0277167
0.0104887
0.0340907
0.0645292
0.026824
0.0253727
0.113163
0.0359864
0.0561903
-0.010143
0.0851437
0.0244676
0.0622531
0.0206685
0.0288458
0.0241882
0.0711936
0.0159145
0.0140571
0.0844338
0.0573146
0.0261953
0.0426657
0.0612648
0.0236463
0.0277619
-0.0538323
0.0751097
0.0547553
0.0164139
0.0113968
0.00713101
0.0301195
0.0439436
0.0346258
0.00882632
0.063293
0.0632084
0.0339069
0.0179706
0.0283276
0.0271612
0.0701365
0.0280008
0.0457029
0.0442728
0.0522433
0.0452365
0.039896
0.0423036
0.0331831
0.0305908
0.0532966
0.0203205
0.0378202
0.0356518
0.0584457
0.0131935
0.0572516
0.0556896
0.00775477
0.00305922
0.0544381
0.0509886
0.0502404
0.0396442
0.0351666
0.0137551
0.0516335
0.0392818
0.0581995
0.0311496
0.0532053
0.0428577
0.0580128
0.0493236
0.0676816
0.0833235
0.0230391
0.0152951
0.0643456
0.0488116
0.052712
0.0405434
0.033752
0.0122814
0.0449288
0.060605
0.0548514
0.0490454
0.0338668
0.0108052
0.020304
-0.00319574
0.0299056
0.0555418
0.0591307
0.0324372
0.0355779
0.0110173
0.0418007
0.0531008
0.0706525
0.0332915
0.0582419
0.0298343
0.0384074
-0.00331461
0.0764724
0.0400067
0.12073
0.022717
0.0697803
-0.0401841
0.0152196
-0.00971679
0.074767
0.0137366
0.0257
0.00236785
0.0293982
0.03149
0.0510144
0.0461708
-0.0553798
0.0772483
